     3x 2   layout Ha: T1=GM-Delta/2, T2=T3=...=T(k-1)=GM,  Tk=GM+Delta/2       
tested at Alpha= 0.050                                                          
                   DELTA (in units of sigma=Std. Dev.)                          
      N  0.100  0.150  0.200  0.250  0.300  0.350  0.400                        
--------------------------------------------------------                        
    400  0.414  0.770  0.956  0.996  0.999  0.999  0.999                        
    450  0.459  0.820  0.974  0.998  0.999  0.999  0.999                        
    500  0.503  0.860  0.985  0.999  0.999  0.999  1.000                        
    550  0.544  0.892  0.991  0.999  0.999  0.999  1.000                        
    600  0.583  0.918  0.995  0.999  0.999  0.999  1.000                        
    650  0.620  0.938  0.997  0.999  0.999  1.000  1.000                        
    700  0.655  0.953  0.998  0.999  0.999  1.000  1.000                        
    750  0.687  0.965  0.999  0.999  0.999  1.000  1.000                        
    800  0.717  0.974  0.999  0.999  0.999  1.000  1.000                        
    850  0.744  0.981  0.999  0.999  1.000  1.000  1.000                        
    900  0.770  0.986  0.999  0.999  1.000  1.000  1.000                        
    950  0.793  0.989  0.999  0.999  1.000  1.000  1.000                        
   1000  0.815  0.992  0.999  0.999  1.000  1.000  1.000                        
   1050  0.834  0.994  0.999  0.999  1.000  1.000  1.000                        
   1100  0.852  0.996  0.999  0.999  1.000  1.000  1.000                        
   1150  0.868  0.997  0.999  0.999  1.000  1.000  1.000                        
   1200  0.883  0.998  0.999  0.999  1.000  1.000  1.000                        
   1250  0.896  0.998  0.999  1.000  1.000  1.000  1.000                        
   1300  0.907  0.999  0.999  1.000  1.000  1.000  1.000                        
   1350  0.918  0.999  0.999  1.000  1.000  1.000  1.000                        
   1400  0.927  0.999  0.999  1.000  1.000  1.000  1.000                        
   1450  0.936  0.999  0.999  1.000  1.000  1.000  1.000                        
   1500  0.943  0.999  0.999  1.000  1.000  1.000  1.000                        